150             0.043             1.0             77             0.6
721             0.332             1.0             77             1.5
1350             0.56             1.0             77             2.14
1350             0.56             20.0             77             3.478
1514             0.66             1.0             77             2.31
1514             0.66             20.0             77             4.013
420             0.17             1.0             77             0.66
1595             0.77             10.0             298             0.03
1595             0.77             44.2             77             4.11
1595             0.77             100.0             293             0.32
360             0.2             0.93             77             1.0
922             0.38             1.0             77             1.98
1502             0.82             1.0             77             2.45
1502             0.82             17.2             298             0.89
630             0.26             1.0             77             1.6
268             0.113             1.0             77             1.34
268             0.113             20.0             77             1.91
1300             0.63             33.7             77             2.7
1300             0.63             100.0             293             0.42
2590             1.05             1.0             77             1.68
2590             1.05             70.0             77             4.87
1630             0.64             1.0             77             1.27
1630             0.64             55.0             77             3.01
1630             0.64             1.0             77             1.3
1630             0.64             30.0             77             3.3
1630             0.64             60.0             298             0.13
1100             0.59             1.0             77             2.08
512             0.203             1.0             77             1.04
313             0.15             4.0             77             1.1
1000             0.52             1.0             77             1.7
802             0.3             1.0             77             0.92
1070             0.57             1.0             77             1.78
1120             0.62             1.0             77             1.68
920             0.5             1.0             77             1.85
792             0.33             1.0             77             1.74
4530             3.59             80.0             77             7.4
2885             1.18             1.0             77             1.15
1904             0.9             1.0             77             1.17
1722             0.88             1.0             77             1.21
4460             2.16             80.0             77             7.0
6240             3.6             80.0             77             8.6
2476             1.14             1.0             77             1.48
396             0.13             48.0             298             0.98
502             0.2             48.0             298             1.12
2446             1.07             1.0             77             1.42
890             0.45             1.0             77             1.45
1551             0.73             1.0             77             1.73
3670             1.52             1.0             77             1.79
3670             1.52             90.0             77             8.1
3670             1.52             90.0             298             0.5
3409             1.53             1.0             77             1.35
810             0.324             64.0             77             2.33
904             0.487             1.0             77             1.0
820             0.34             1.0             77             0.94
191             0.068             1.0             77             0.57
1560             0.696             1.0             77             2.51
1560             0.696             40.0             77             4.14
1560             0.696             100.0             298             0.46
1490             0.605             1.0             77             2.36
2847             1.01             1.0             77             2.4
1660             0.667             1.0             77             2.27
783             0.39             1.0             77             1.77
719             0.31             34.0             77             1.19
719             0.31             35.0             298             0.54
1121             0.69             1.0             77             2.1
2300             1.0             1.0             77             2.1
2300             1.0             45.0             77             5.7
1280             0.67             1.0             77             1.75
1670             0.68             1.0             77             2.59
1670             0.68             20.0             77             3.58
2247             0.89             1.0             77             2.52
2247             0.89             20.0             77             6.06
2932             1.14             1.0             77             2.24
2932             1.14             20.0             77             6.07
2929             1.142             1.0             77             2.63
2929             1.142             20.0             77             5.774
2929             1.142             60.0             77             5.568
2387             0.898             1.0             77             2.52
2388             0.898             20.0             77             4.82
1855             0.798             1.0             77             2.29
1855             0.798             20.0             77             3.984
1822             0.767             1.0             77             2.26
1822             0.767             20.0             77             3.964
1718             0.705             1.0             77             2.23
1718             0.705             20.0             77             3.694
2960             1.22             1.0             77             2.64
2960             1.22             55.0             77             5.43
2930             1.19             1.0             77             2.56
2930             1.19             48.0             77             5.47
1407             0.67             1.0             77             2.34
1407             0.67             3.5             30             6.84
1407             0.67             45.0             300             0.25
1931             0.91             3.5             30             7.89
1931             0.91             45.0             77             5.23
1577             0.73             1.0             77             2.4
943             0.94             1.0             77             3.05
2273             1.06             1.0             77             1.7
2273             1.06             45.0             77             5.1
1760             0.84             1.0             77             1.7
1760             0.84             28.0             77             2.9
2718             1.54             1.0             77             1.6
2500             1.012             1.0             77             1.95
2500             1.012             32.0             77             5.31
2500             1.012             97.0             77             6.88
2300             1.08             1.0             77             2.1
2300             1.08             60.0             77             5.53
2300             1.08             61.0             298             0.399
2357             1.113             0.95             77             1.64
2357             1.113             17.0             77             3.98
2357             1.113             31.0             77             4.6
3424             1.36             1.0             78             2.28
3424             1.36             30.0             78             5.0
3424             1.36             60.0             78             6.8
3000             1.36             1.0             77             2.25
3000             1.36             33.0             77             6.24
3000             1.36             90.0             298             0.667
4118             2.35             1.0             77             1.4
4118             2.35             44.0             77             5.6
4118             2.35             60.0             77             9.2
3989             2.173             1.0             77             1.7
3989             2.173             60.0             77             5.22
3394             1.38             1.0             78             2.42
3394             1.38             33.0             78             5.6
3394             1.38             60.0             78             7.5
4000             1.63             1.0             77             1.79
4000             1.63             45.0             77             6.65
4000             1.63             90.0             298             0.785
5109             2.3             1.0             77             1.87
5109             2.3             50.0             77             7.32
5109             2.3             90.0             298             1.01
2970             1.25             1.0             78             2.39
2970             1.25             30.0             78             5.1
2970             1.25             60.0             78             6.7
6143             2.82             1.0             77             1.82
6143             2.82             56.0             77             9.95
2620             1.07             1.0             77             2.5
2620             1.07             20.0             77             5.31
2100             0.795             1.2             77             2.2
2100             0.795             90.0             77             5.1
2100             0.795             90.0             298             0.94
2750             1.15             20.0             77             4.0
2750             1.15             20.0             117             1.8
1980             0.75             5.0             77             3.545
1980             0.75             100.0             77             3.316
1980             0.75             5.0             160             0.389
1980             0.75             100.0             160             4.116
1980             0.75             5.0             296             0.041
1980             0.75             100.0             296             0.64
3440             1.44             5.0             77             4.074
3440             1.44             100.0             77             5.262
3440             1.44             5.0             160             0.399
3440             1.44             100.0             160             7.076
3440             1.44             5.0             296             0.035
3440             1.44             100.0             77             0.666
3230             1.33             5.0             77             4.611
3230             1.33             100.0             77             4.94
3230             1.33             5.0             160             0.424
3230             1.33             100.0             160             6.571
3230             1.33             5.0             296             0.048
3230             1.33             100.0             296             0.615
1950             0.79             5.0             77             3.217
1950             0.79             100.0             77             2.725
1950             0.79             5.0             160             0.366
1950             0.79             100.0             160             3.609
1950             0.79             5.0             296             0.036
1950             0.79             100.0             296             0.538
1270             0.47             5.0             77             2.197
1270             0.47             100.0             77             1.803
1270             0.47             5.0             160             0.267
1270             0.47             100.0             160             2.292
1270             0.47             5.0             296             0.025
1270             0.47             100.0             296             0.394
1780             0.71             5.0             77             3.803
1780             0.71             100.0             77             3.497
1780             0.71             5.0             160             0.432
1780             0.71             100.0             160             4.194
1780             0.71             5.0             296             0.0391
1780             0.71             100.0             296             0.605
2200             1.48             5.0             77             3.257
2200             1.48             100.0             77             4.252
2200             1.48             5.0             160             0.311
2200             1.48             100.0             160             6.211
2200             1.48             5.0             296             0.042
2200             1.48             100.0             296             0.604
2360             0.91             5.0             77             3.194
2360             0.91             100.0             77             3.46
2360             0.91             5.0             160             0.301
2360             0.91             100.0             160             4.592
2360             0.91             5.0             296             0.029
2360             0.91             100.0             296             0.45
3030             1.17             5.0             77             3.777
3030             1.17             100.0             77             4.67
3030             1.17             5.0             160             0.38
3030             1.17             100.0             160             6.11
3030             1.17             5.0             296             0.028
3030             1.17             100.0             296             0.567
2450             1.56             5.0             77             3.237
2450             1.56             100.0             77             4.331
2450             1.56             5.0             160             0.262
2450             1.56             100.0             160             6.453
2450             1.56             5.0             296             0.034
2450             1.56             100.0             296             0.592
2020             0.76             5.0             77             3.465
2020             0.76             100.0             77             2.822
2020             0.76             5.0             160             0.273
2020             0.76             100.0             160             3.755
2020             0.76             5.0             296             0.031
2020             0.76             100.0             296             0.475
4030             1.48             0.702866             77             1.447
4030             1.48             1.59388             77             2.453
4030             1.48             2.621301             77             3.202
4030             1.48             3.71278             77             3.765
4030             1.48             5.08654             77             4.28
4030             1.48             6.51663             77             4.672
4030             1.48             7.976759             77             4.987
4030             1.48             9.709968             77             5.265
4030             1.48             11.43956             77             5.487
4030             1.48             13.20106             77             5.654
4030             1.48             14.9298             77             5.77
4030             1.48             16.70314             77             5.854
4030             1.48             18.45341             77             5.944
4030             1.48             20.19994             77             5.987
4030             1.48             22.20782             77             6.018
4030             1.48             24.19165             77             6.03
4030             1.48             26.19606             77             6.021
4030             1.48             28.16699             77             5.998
4030             1.48             30.13311             77             5.962
4030             1.48             32.0755             77             5.929
4030             1.48             34.01634             77             5.898
4030             1.48             35.88027             77             5.864
4030             1.48             38.06867             77             5.823
4030             1.48             40.26666             77             5.763
4030             1.48             42.66403             77             5.674
4030             1.48             45.08828             77             5.636
4030             1.48             47.4865             77             5.543
4030             1.48             49.88049             77             5.464
4030             1.48             52.24869             77             5.386
4030             1.48             54.61276             77             5.322
4030             1.48             56.91768             77             5.259
4030             1.48             60.53712             77             5.143
4030             1.48             64.12442             77             5.032
4030             1.48             67.73109             77             4.928
4030             1.48             71.34467             77             4.817
4030             1.48             74.9649             77             4.687
4030             1.48             78.5796             77             4.57
4030             1.48             82.21233             77             4.469
4030             1.48             85.8685             77             4.343
4030             1.48             89.57686             77             4.24
4030             1.48             93.30437             77             4.092
4030             1.48             97.09978             77             3.96
4030             1.48             94.30396664             77             4.111
4030             1.48             90.0051697             77             4.224
4030             1.48             85.75455059             77             4.331
4030             1.48             81.56803653             77             4.478
4030             1.48             77.4235442             77             4.584
4030             1.48             73.30321156             77             4.739
4030             1.48             69.19958751             77             4.874
4030             1.48             65.1340844             77             5.0
4030             1.48             61.09846338             77             5.105
4030             1.48             57.10260926             77             5.281
4030             1.48             53.09824538             77             5.384
4030             1.48             49.11017787             77             5.502
4030             1.48             45.12958056             77             5.668
4030             1.48             41.1879384             77             5.776
4030             1.48             37.38334578             77             5.857
4030             1.48             33.47540608             77             5.905
4030             1.48             29.65904338             77             5.969
4030             1.48             25.69414172             77             6.042
4030             1.48             21.8662849             77             6.002
4030             1.48             18.0331925             77             5.939
4030             1.48             14.29816149             77             5.756
4030             1.48             10.64976108             77             5.405
4030             1.48             7.993033516             77             4.921
4030             1.48             6.060848561             77             4.5
4030             1.48             4.64301786             77             4.054
4030             1.48             3.605009587             77             3.62
4030             1.48             2.837099455             77             3.191
4030             1.48             2.251708051             77             2.781
4030             1.48             1.816487589             77             2.424
4030             1.48             1.47600753             77             2.082
4030             1.48             1.220556687             77             1.789
4030             1.48             1.014174294             77             1.513
4030             1.48             0.847065605             77             1.28
4030             1.48             0.715976721             77             1.083
4030             1.48             0.611090916             77             0.904
4030             1.48             0.522583292             77             0.746
4030             1.48             0.453737594             77             0.613
4030             1.48             0.391443776             77             0.49
4030             1.48             0.342261261             77             0.392
4030             1.48             0.302913079             77             0.303
4030             1.48             0.270121612             77             0.224
4030             1.48             0.240608083             77             0.153
4030             1.48             0.217652485             77             0.095
4030             1.48             0.191416653             77             0.042
