4030.0    1.48    45.08828    77.0           5.636
268.0    0.113    20.0    77.0           1.91
783.0    0.39    1.0    77.0           1.77
1931.0    0.91    45.0    77.0           5.23
1822.0    0.767    20.0    77.0           3.964
2360.0    0.91    100.0    160.0           4.592
920.0    0.5    1.0    77.0           1.85
2357.0    1.113    0.95    77.0           1.64
2100.0    0.795    1.2    77.0           2.2
2750.0    1.15    20.0    117.0           1.8
4030.0    1.48    38.06867    77.0           5.823
4030.0    1.48    33.47540608    77.0           5.905
2200.0    1.48    100.0    296.0           0.604
4030.0    1.48    53.09824538    77.0           5.384
2100.0    0.795    90.0    77.0           5.1
1950.0    0.79    5.0    296.0           0.036
4030.0    1.48    0.715976721    77.0           1.083
4030.0    1.48    20.19994    77.0           5.987
1980.0    0.75    100.0    296.0           0.64
4030.0    1.48    22.20782    77.0           6.018
2620.0    1.07    1.0    77.0           2.5
1980.0    0.75    5.0    296.0           0.041
4030.0    1.48    64.12442    77.0           5.032
1630.0    0.64    1.0    77.0           1.3
4030.0    1.48    1.014174294    77.0           1.513
2885.0    1.18    1.0    77.0           1.15
4530.0    3.59    80.0    77.0           7.4
313.0    0.15    4.0    77.0           1.1
4000.0    1.63    1.0    77.0           1.79
1630.0    0.64    55.0    77.0           3.01
1780.0    0.71    5.0    160.0           0.432
4030.0    1.48    71.34467    77.0           4.817
1950.0    0.79    100.0    160.0           3.609
5109.0    2.3    90.0    298.0           1.01
2200.0    1.48    5.0    160.0           0.311
630.0    0.26    1.0    77.0           1.6
1718.0    0.705    20.0    77.0           3.694
2273.0    1.06    45.0    77.0           5.1
4030.0    1.48    81.56803653    77.0           4.478
4030.0    1.48    0.302913079    77.0           0.303
1780.0    0.71    5.0    77.0           3.803
4030.0    1.48    89.57686    77.0           4.24
2020.0    0.76    100.0    160.0           3.755
3440.0    1.44    100.0    77.0           5.262
3409.0    1.53    1.0    77.0           1.35
1660.0    0.667    1.0    77.0           2.27
2930.0    1.19    48.0    77.0           5.47
1350.0    0.56    20.0    77.0           3.478
4030.0    1.48    0.702866    77.0           1.447
3424.0    1.36    60.0    78.0           6.8
191.0    0.068    1.0    77.0           0.57
1980.0    0.75    5.0    160.0           0.389
3989.0    2.173    60.0    77.0           5.22
4030.0    1.48    65.1340844    77.0           5.0
1931.0    0.91    3.5    30.0           7.89
3030.0    1.17    100.0    296.0           0.567
4030.0    1.48    6.51663    77.0           4.672
3440.0    1.44    100.0    160.0           7.076
6143.0    2.82    56.0    77.0           9.95
4030.0    1.48    1.220556687    77.0           1.789
